{
 "cells": [
  {
   "cell_type": "code",
   "execution_count": 5,
   "id": "21bd3fe1-9c59-4e8f-9d76-3988b92c6eea",
   "metadata": {},
   "outputs": [
    {
     "data": {
      "text/plain": [
       "BertConfig {\n",
       "  \"_name_or_path\": \"/root/autodl-tmp/bert-base-uncased\",\n",
       "  \"architectures\": [\n",
       "    \"BertForMaskedLM\"\n",
       "  ],\n",
       "  \"attention_probs_dropout_prob\": 0.1,\n",
       "  \"classifier_dropout\": null,\n",
       "  \"gradient_checkpointing\": false,\n",
       "  \"hidden_act\": \"gelu\",\n",
       "  \"hidden_dropout_prob\": 0.1,\n",
       "  \"hidden_size\": 768,\n",
       "  \"initializer_range\": 0.02,\n",
       "  \"intermediate_size\": 3072,\n",
       "  \"layer_norm_eps\": 1e-12,\n",
       "  \"max_position_embeddings\": 512,\n",
       "  \"model_type\": \"bert\",\n",
       "  \"num_attention_heads\": 12,\n",
       "  \"num_hidden_layers\": 12,\n",
       "  \"pad_token_id\": 0,\n",
       "  \"position_embedding_type\": \"absolute\",\n",
       "  \"transformers_version\": \"4.34.0\",\n",
       "  \"type_vocab_size\": 2,\n",
       "  \"use_cache\": true,\n",
       "  \"vocab_size\": 30522\n",
       "}"
      ]
     },
     "execution_count": 5,
     "metadata": {},
     "output_type": "execute_result"
    }
   ],
   "source": [
    "from transformers import AutoConfig, AutoModel, AutoTokenizer\n",
    "model = AutoModel.from_pretrained(\"/root/autodl-tmp/bert-base-uncased\")\n",
    "model.config"
   ]
  },
  {
   "cell_type": "code",
   "execution_count": 6,
   "id": "4333b3fd-02b5-4cb5-826d-b9847a93f16f",
   "metadata": {},
   "outputs": [
    {
     "data": {
      "text/plain": [
       "{'input_ids': tensor([[ 101, 1045, 2293, 2017, 1012,  102]]), 'token_type_ids': tensor([[0, 0, 0, 0, 0, 0]]), 'attention_mask': tensor([[1, 1, 1, 1, 1, 1]])}"
      ]
     },
     "execution_count": 6,
     "metadata": {},
     "output_type": "execute_result"
    }
   ],
   "source": [
    "sen = \"I love you.\"\n",
    "tokenizer = AutoTokenizer.from_pretrained(\"/root/autodl-tmp/bert-base-uncased\")\n",
    "inputs = tokenizer(sen, return_tensors=\"pt\")\n",
    "inputs"
   ]
  },
  {
   "cell_type": "markdown",
   "id": "dfec3614-f4dd-45cb-b018-8acfa54ee9eb",
   "metadata": {},
   "source": [
    "### 不带Model Head的模型调用"
   ]
  },
  {
   "cell_type": "code",
   "execution_count": 9,
   "id": "d5ba49f1-cf79-43e9-9391-a28df5d18dd7",
   "metadata": {},
   "outputs": [
    {
     "data": {
      "text/plain": [
       "BaseModelOutputWithPoolingAndCrossAttentions(last_hidden_state=tensor([[[-0.0038,  0.3821, -0.1672,  ..., -0.6320,  0.2347,  0.4263],\n",
       "         [ 0.1853,  0.4736, -0.2909,  ..., -0.2933,  0.2636,  0.5419],\n",
       "         [ 0.7075,  1.1222,  0.9086,  ..., -1.3010,  0.2604,  0.2077],\n",
       "         [-0.1176, -0.4941,  0.8537,  ..., -0.3053,  0.0924, -0.5513],\n",
       "         [-0.1265, -0.4422,  0.0350,  ...,  0.5587,  0.2170, -0.3483],\n",
       "         [ 0.6913,  0.1189, -0.1773,  ..., -0.2503, -0.6518, -0.2733]]],\n",
       "       grad_fn=<NativeLayerNormBackward0>), pooler_output=tensor([[-0.9593, -0.4732, -0.9424,  0.9184,  0.7874, -0.2401,  0.9398,  0.2614,\n",
       "         -0.9069, -1.0000, -0.6549,  0.9850,  0.9892,  0.6057,  0.9731, -0.8213,\n",
       "         -0.5920, -0.6337,  0.4592, -0.7483,  0.7933,  1.0000, -0.1167,  0.3537,\n",
       "          0.6274,  0.9992, -0.8576,  0.9601,  0.9799,  0.7301, -0.7653,  0.1449,\n",
       "         -0.9948, -0.1606, -0.9442, -0.9961,  0.5529, -0.8167,  0.0698, -0.0038,\n",
       "         -0.9566,  0.3871,  1.0000,  0.4125,  0.5527, -0.3452, -1.0000,  0.3080,\n",
       "         -0.9477,  0.9789,  0.9410,  0.9678,  0.2466,  0.6396,  0.5982, -0.5279,\n",
       "         -0.0186,  0.1635, -0.2848, -0.6618, -0.6092,  0.4842, -0.9466, -0.9414,\n",
       "          0.9658,  0.8612, -0.1095, -0.2480, -0.2341, -0.1239,  0.9436,  0.2961,\n",
       "         -0.0576, -0.9082,  0.8096,  0.3074, -0.7525,  1.0000, -0.7667, -0.9897,\n",
       "          0.8807,  0.8001,  0.6831, -0.3949,  0.4943, -1.0000,  0.7043, -0.0924,\n",
       "         -0.9937,  0.2837,  0.7039, -0.2877,  0.2257,  0.7368, -0.4550, -0.6535,\n",
       "         -0.4286, -0.9285, -0.3651, -0.5236,  0.1839, -0.3059, -0.3841, -0.4802,\n",
       "          0.5068, -0.5813, -0.7580,  0.4317,  0.0601,  0.7345,  0.4894, -0.3728,\n",
       "          0.5867, -0.9817,  0.7849, -0.3527, -0.9933, -0.6973, -0.9941,  0.7932,\n",
       "         -0.3274, -0.3028,  0.9858, -0.2180,  0.4449, -0.1342, -0.9793, -1.0000,\n",
       "         -0.8632, -0.5156, -0.3007, -0.4289, -0.9880, -0.9778,  0.7209,  0.9778,\n",
       "          0.2291,  1.0000, -0.4450,  0.9685, -0.5646, -0.7514,  0.8419, -0.5286,\n",
       "          0.8412,  0.5920, -0.7677,  0.2178, -0.5529,  0.7990, -0.7427, -0.3153,\n",
       "         -0.8554, -0.9573, -0.4125,  0.9805, -0.6860, -0.9751,  0.0016, -0.3888,\n",
       "         -0.5891,  0.8799,  0.8371,  0.4501, -0.3726,  0.5620,  0.0982,  0.7305,\n",
       "         -0.8828, -0.5223,  0.5986, -0.4399, -0.8694, -0.9898, -0.4881,  0.6574,\n",
       "          0.9958,  0.8375,  0.4321,  0.9356, -0.2679,  0.9196, -0.9773,  0.9912,\n",
       "         -0.3571,  0.3890, -0.2868,  0.4179, -0.9320, -0.1068,  0.8935, -0.8736,\n",
       "         -0.8994, -0.1589, -0.5395, -0.4466, -0.8567,  0.6628, -0.4066, -0.4000,\n",
       "         -0.1741,  0.9451,  0.9935,  0.9270,  0.3083,  0.8006, -0.9548, -0.6413,\n",
       "          0.2455,  0.3243,  0.3742,  0.9973, -0.6842, -0.2864, -0.9770, -0.9943,\n",
       "         -0.0795, -0.9618, -0.1921, -0.7316,  0.7745, -0.3014,  0.7236,  0.5433,\n",
       "         -0.9970, -0.8590,  0.5378, -0.6030,  0.4919, -0.3685,  0.8146,  0.9692,\n",
       "         -0.5995,  0.8275,  0.9185, -0.9011, -0.8306,  0.8805, -0.3589,  0.9306,\n",
       "         -0.7375,  0.9947,  0.9743,  0.9418, -0.9712, -0.6860, -0.9374, -0.7602,\n",
       "         -0.1945, -0.0282,  0.9385,  0.7506,  0.5531,  0.5616, -0.7917,  0.9996,\n",
       "         -0.6501, -0.9764, -0.2206, -0.3713, -0.9940,  0.9081,  0.3147,  0.3836,\n",
       "         -0.5476, -0.7699, -0.9773,  0.9615,  0.1880,  0.9957, -0.4122, -0.9721,\n",
       "         -0.7533, -0.9630, -0.1596, -0.3405, -0.5423, -0.1448, -0.9777,  0.4950,\n",
       "          0.5986,  0.6680, -0.8729,  0.9998,  1.0000,  0.9886,  0.9278,  0.9624,\n",
       "         -1.0000, -0.6075,  1.0000, -0.9986, -1.0000, -0.9615, -0.7838,  0.3573,\n",
       "         -1.0000, -0.1606,  0.0606, -0.9540,  0.7422,  0.9892,  0.9984, -1.0000,\n",
       "          0.8654,  0.9765, -0.7619,  0.9908, -0.5593,  0.9856,  0.5129,  0.4185,\n",
       "         -0.2521,  0.4499, -0.9378, -0.9371, -0.7068, -0.7747,  0.9994,  0.1283,\n",
       "         -0.8135, -0.9658,  0.7486, -0.1737,  0.0208, -0.9828, -0.1955,  0.8805,\n",
       "          0.8949,  0.2764,  0.3418, -0.8334,  0.3975, -0.2816,  0.4084,  0.7607,\n",
       "         -0.9619, -0.7184, -0.4240,  0.0020, -0.5844, -0.9796,  0.9855, -0.5085,\n",
       "          0.9797,  1.0000,  0.3681, -0.9476,  0.7723,  0.4165, -0.2610,  1.0000,\n",
       "          0.9044, -0.9883, -0.6954,  0.7666, -0.6844, -0.7951,  0.9998, -0.4284,\n",
       "         -0.7986, -0.5242,  0.9880, -0.9944,  0.9985, -0.9566, -0.9893,  0.9779,\n",
       "          0.9670, -0.7601, -0.7361,  0.1724, -0.6735,  0.2928, -0.9822,  0.8770,\n",
       "          0.6136, -0.1917,  0.9399, -0.9275, -0.7424,  0.3817, -0.7375, -0.3845,\n",
       "          0.9724,  0.6610, -0.2581,  0.1442, -0.3528, -0.5939, -0.9890,  0.7441,\n",
       "          1.0000, -0.4041,  0.8927, -0.5003, -0.0547, -0.1064,  0.6135,  0.6424,\n",
       "         -0.3996, -0.8958,  0.9387, -0.9859, -0.9924,  0.8504,  0.2065, -0.2868,\n",
       "          1.0000,  0.7183,  0.2611,  0.4912,  0.9976, -0.0677,  0.6724,  0.9350,\n",
       "          0.9901, -0.2797,  0.7014,  0.9311, -0.9571, -0.4309, -0.7552, -0.0059,\n",
       "         -0.9473, -0.0637, -0.9820,  0.9851,  0.9884,  0.4799,  0.2056,  0.8289,\n",
       "          1.0000, -0.5060,  0.6889, -0.4255,  0.9140, -1.0000, -0.9384, -0.4474,\n",
       "         -0.0654, -0.9002, -0.4651,  0.2998, -0.9828,  0.9075,  0.8641, -0.9974,\n",
       "         -0.9958, -0.4661,  0.9239,  0.1347, -0.9945, -0.8694, -0.6382,  0.8426,\n",
       "         -0.3603, -0.9738, -0.5033, -0.3700,  0.6306, -0.2605,  0.6929,  0.8979,\n",
       "          0.7722, -0.7854, -0.2321,  0.0412, -0.8538,  0.9117, -0.9115, -0.9775,\n",
       "         -0.2233,  1.0000, -0.6367,  0.9165,  0.8404,  0.8833, -0.2273,  0.2365,\n",
       "          0.9508,  0.3278, -0.7012, -0.9516, -0.8021, -0.5664,  0.7906,  0.6014,\n",
       "          0.6824,  0.8847,  0.8091,  0.2410,  0.0715, -0.0052,  1.0000, -0.3825,\n",
       "         -0.2752, -0.5888, -0.0104, -0.3376, -0.4535,  1.0000,  0.4136,  0.6743,\n",
       "         -0.9960, -0.9478, -0.9638,  1.0000,  0.8830, -0.8566,  0.7740,  0.7936,\n",
       "         -0.1508,  0.9186, -0.2484, -0.2100,  0.3074,  0.0932,  0.9797, -0.6152,\n",
       "         -0.9834, -0.7055,  0.6342, -0.9846,  1.0000, -0.6735, -0.3365, -0.5000,\n",
       "         -0.4707,  0.3935,  0.0036, -0.9913, -0.3543,  0.3234,  0.9857,  0.2951,\n",
       "         -0.7411, -0.9510,  0.9324,  0.8761, -0.9579, -0.9691,  0.9809, -0.9948,\n",
       "          0.7973,  1.0000,  0.3726,  0.2266,  0.3637, -0.5052,  0.4226, -0.3827,\n",
       "          0.8022, -0.9807, -0.4480, -0.2698,  0.4032, -0.2777, -0.6137,  0.8332,\n",
       "          0.2627, -0.6882, -0.7053, -0.2507,  0.4766,  0.9406, -0.2884, -0.2677,\n",
       "          0.2179, -0.1188, -0.9705, -0.4517, -0.6011, -1.0000,  0.7345, -1.0000,\n",
       "          0.7184,  0.2506, -0.2846,  0.8958,  0.4986,  0.8121, -0.8734, -0.9187,\n",
       "          0.5180,  0.8655, -0.5192, -0.8650, -0.8540,  0.4232, -0.1620,  0.3430,\n",
       "         -0.7726,  0.7847, -0.3359,  1.0000,  0.1840, -0.8450, -0.9925,  0.2766,\n",
       "         -0.3287,  1.0000, -0.9486, -0.9740,  0.4998, -0.8721, -0.8922,  0.4571,\n",
       "         -0.0761, -0.8971, -0.9867,  0.9787,  0.9365, -0.7038,  0.7333, -0.4180,\n",
       "         -0.7390,  0.0821,  0.9314,  0.9913,  0.5136,  0.9592, -0.1353, -0.5506,\n",
       "          0.9833,  0.3814,  0.6816,  0.2270,  1.0000,  0.3814, -0.9474, -0.0511,\n",
       "         -0.9900, -0.2766, -0.9824,  0.3941,  0.3287,  0.9548, -0.2859,  0.9858,\n",
       "         -0.9326,  0.1518, -0.8535, -0.6675,  0.5062, -0.9590, -0.9900, -0.9918,\n",
       "          0.8134, -0.5381, -0.0713,  0.2707,  0.1245,  0.5090,  0.5732, -1.0000,\n",
       "          0.9700,  0.4799,  0.9381,  0.9814,  0.8150,  0.7187,  0.3264, -0.9924,\n",
       "         -0.9959, -0.3949, -0.3593,  0.8619,  0.7681,  0.9119,  0.5741, -0.5036,\n",
       "         -0.3498, -0.6268, -0.6856, -0.9967,  0.4687, -0.7900, -0.9886,  0.9756,\n",
       "         -0.3578, -0.1827, -0.2380, -0.8378,  0.9826,  0.8854,  0.4696,  0.0795,\n",
       "          0.4697,  0.9303,  0.9711,  0.9931, -0.8625,  0.9228, -0.9012,  0.5602,\n",
       "          0.7640, -0.9524,  0.1579,  0.6070, -0.4497,  0.3662, -0.2718, -0.9902,\n",
       "          0.7555, -0.2827,  0.5677, -0.5008,  0.0945, -0.5635, -0.2345, -0.7909,\n",
       "         -0.8596,  0.7491,  0.5720,  0.9378,  0.9032, -0.0835, -0.9124, -0.2745,\n",
       "         -0.7831, -0.9440,  0.9752, -0.1458, -0.2459,  0.7561, -0.0058,  0.8272,\n",
       "          0.1324, -0.5125, -0.4095, -0.7938,  0.9333, -0.6558, -0.7101, -0.6865,\n",
       "          0.8424,  0.3025,  1.0000, -0.7931, -0.9632, -0.6135, -0.5102,  0.4181,\n",
       "         -0.6832, -1.0000,  0.5312, -0.6499,  0.7605, -0.8954,  0.8527, -0.8517,\n",
       "         -0.9932, -0.2596,  0.6209,  0.7823, -0.6023, -0.8826,  0.7354, -0.8570,\n",
       "          0.9951,  0.9188, -0.7291,  0.3837,  0.7928, -0.7473, -0.7729,  0.9475]],\n",
       "       grad_fn=<TanhBackward0>), hidden_states=None, past_key_values=None, attentions=(tensor([[[[1.0239e-01, 8.6758e-02, 6.0737e-02, 6.3453e-02, 1.9460e-01,\n",
       "           4.9207e-01],\n",
       "          [2.5872e-01, 1.8173e-01, 2.0865e-01, 1.3773e-01, 1.0360e-01,\n",
       "           1.0957e-01],\n",
       "          [2.8630e-01, 1.4058e-01, 9.1945e-02, 9.8547e-02, 1.8004e-01,\n",
       "           2.0259e-01],\n",
       "          [1.9368e-01, 2.3725e-01, 1.3359e-01, 1.1243e-01, 1.9583e-01,\n",
       "           1.2723e-01],\n",
       "          [1.3111e-01, 1.0901e-01, 1.9414e-01, 1.4533e-01, 2.3114e-01,\n",
       "           1.8928e-01],\n",
       "          [1.6658e-01, 1.2410e-01, 1.1199e-01, 1.2583e-01, 2.2955e-01,\n",
       "           2.4195e-01]],\n",
       "\n",
       "         [[9.2190e-01, 2.1577e-02, 4.3987e-03, 5.2649e-03, 3.8748e-02,\n",
       "           8.1109e-03],\n",
       "          [2.3379e-02, 6.0579e-02, 6.6351e-01, 6.6558e-02, 7.3272e-02,\n",
       "           1.1271e-01],\n",
       "          [7.0345e-02, 3.0434e-02, 3.9581e-01, 7.9301e-02, 3.7694e-02,\n",
       "           3.8641e-01],\n",
       "          [1.7151e-02, 8.8292e-03, 8.3801e-01, 1.6716e-02, 2.6409e-02,\n",
       "           9.2883e-02],\n",
       "          [1.5049e-03, 1.9819e-01, 6.6189e-02, 3.0885e-01, 4.0470e-01,\n",
       "           2.0560e-02],\n",
       "          [5.5638e-02, 2.1137e-01, 6.5387e-02, 9.4906e-02, 5.3081e-01,\n",
       "           4.1887e-02]],\n",
       "\n",
       "         [[8.3306e-01, 3.3475e-02, 2.4988e-02, 2.8346e-02, 3.1446e-02,\n",
       "           4.8687e-02],\n",
       "          [7.7731e-01, 7.3716e-02, 2.2791e-02, 3.3370e-02, 1.9337e-02,\n",
       "           7.3477e-02],\n",
       "          [6.6279e-02, 8.7049e-01, 1.5111e-02, 3.8565e-02, 7.2637e-03,\n",
       "           2.2901e-03],\n",
       "          [2.5951e-01, 9.0519e-02, 5.2936e-01, 2.6864e-02, 3.3630e-02,\n",
       "           6.0116e-02],\n",
       "          [1.4905e-01, 8.0286e-02, 6.4973e-02, 4.5180e-01, 1.6588e-01,\n",
       "           8.8014e-02],\n",
       "          [3.7779e-01, 2.7669e-02, 1.2025e-02, 5.6202e-02, 4.2120e-01,\n",
       "           1.0510e-01]],\n",
       "\n",
       "         [[8.2215e-01, 4.3399e-02, 3.4889e-02, 2.8971e-02, 3.1206e-02,\n",
       "           3.9387e-02],\n",
       "          [5.1592e-01, 2.6825e-01, 3.8459e-02, 4.2733e-02, 4.5216e-02,\n",
       "           8.9421e-02],\n",
       "          [1.5537e-02, 8.9485e-01, 5.0444e-02, 2.4101e-02, 1.0480e-02,\n",
       "           4.5918e-03],\n",
       "          [9.6057e-03, 3.0477e-01, 5.0694e-01, 1.0950e-01, 3.8200e-02,\n",
       "           3.0982e-02],\n",
       "          [3.0679e-03, 8.1890e-02, 2.2511e-01, 5.8768e-01, 6.4479e-02,\n",
       "           3.7775e-02],\n",
       "          [1.3142e-01, 6.7902e-02, 3.9869e-02, 2.8120e-01, 3.9214e-01,\n",
       "           8.7459e-02]],\n",
       "\n",
       "         [[7.2809e-01, 4.9109e-02, 5.1619e-02, 4.6101e-02, 4.3529e-02,\n",
       "           8.1549e-02],\n",
       "          [1.6582e-01, 5.5900e-02, 1.9855e-01, 8.1239e-02, 3.3043e-01,\n",
       "           1.6806e-01],\n",
       "          [2.3023e-01, 1.6516e-01, 8.2446e-02, 9.4585e-02, 2.7633e-01,\n",
       "           1.5125e-01],\n",
       "          [1.8037e-01, 5.7849e-02, 2.1784e-01, 6.1838e-02, 2.5351e-01,\n",
       "           2.2860e-01],\n",
       "          [8.8392e-02, 1.2164e-01, 1.9621e-01, 1.4028e-01, 1.8869e-01,\n",
       "           2.6479e-01],\n",
       "          [3.6881e-02, 5.0199e-03, 6.3194e-03, 5.3075e-03, 1.1501e-02,\n",
       "           9.3497e-01]],\n",
       "\n",
       "         [[3.7341e-02, 3.0378e-02, 4.4537e-03, 6.8278e-03, 9.0581e-01,\n",
       "           1.5188e-02],\n",
       "          [1.6678e-01, 1.0576e-01, 8.6887e-02, 4.2236e-01, 3.3122e-02,\n",
       "           1.8510e-01],\n",
       "          [2.1336e-01, 7.0423e-02, 1.4901e-01, 2.0318e-01, 6.8190e-02,\n",
       "           2.9585e-01],\n",
       "          [1.0907e-01, 1.0054e-01, 1.8428e-01, 2.8841e-01, 6.0320e-02,\n",
       "           2.5738e-01],\n",
       "          [1.7043e-01, 1.1236e-01, 2.1602e-02, 3.5411e-02, 5.7329e-01,\n",
       "           8.6909e-02],\n",
       "          [3.1648e-01, 8.9276e-02, 1.2126e-02, 2.5396e-02, 4.8967e-01,\n",
       "           6.7051e-02]],\n",
       "\n",
       "         [[9.1976e-01, 9.5393e-03, 7.4595e-03, 9.2575e-03, 4.2156e-02,\n",
       "           1.1830e-02],\n",
       "          [4.4380e-02, 3.0924e-01, 3.2004e-01, 1.6226e-01, 6.0543e-02,\n",
       "           1.0353e-01],\n",
       "          [6.8561e-02, 1.7971e-01, 5.0173e-01, 1.1560e-01, 4.5652e-02,\n",
       "           8.8755e-02],\n",
       "          [4.0685e-02, 1.1896e-01, 4.9497e-01, 2.4711e-01, 5.5196e-02,\n",
       "           4.3081e-02],\n",
       "          [3.4462e-02, 3.0635e-01, 1.3073e-01, 3.1424e-01, 1.0982e-01,\n",
       "           1.0439e-01],\n",
       "          [9.3921e-02, 2.5845e-01, 6.1425e-02, 1.7968e-01, 1.7077e-01,\n",
       "           2.3575e-01]],\n",
       "\n",
       "         [[5.7978e-01, 4.3428e-02, 1.3190e-02, 2.7418e-02, 6.4479e-02,\n",
       "           2.7171e-01],\n",
       "          [1.7191e-01, 2.4360e-01, 3.5337e-02, 2.8240e-01, 1.6298e-03,\n",
       "           2.6512e-01],\n",
       "          [6.8913e-02, 8.4483e-02, 1.6395e-01, 1.6225e-01, 4.2785e-03,\n",
       "           5.1612e-01],\n",
       "          [1.7556e-01, 3.7436e-01, 3.3528e-02, 2.8713e-01, 7.9502e-04,\n",
       "           1.2863e-01],\n",
       "          [2.8748e-01, 8.4192e-02, 3.3475e-02, 1.7914e-01, 2.7908e-02,\n",
       "           3.8780e-01],\n",
       "          [4.2348e-01, 2.0528e-01, 5.7874e-02, 2.0732e-01, 2.2382e-02,\n",
       "           8.3669e-02]],\n",
       "\n",
       "         [[9.0261e-01, 1.3304e-02, 3.2689e-02, 1.3663e-02, 1.4729e-02,\n",
       "           2.3004e-02],\n",
       "          [5.6883e-03, 3.4439e-02, 9.5716e-02, 4.0394e-01, 2.7186e-01,\n",
       "           1.8835e-01],\n",
       "          [8.9033e-03, 8.2748e-02, 8.6353e-02, 2.3626e-01, 2.1618e-01,\n",
       "           3.6955e-01],\n",
       "          [7.9783e-03, 1.1558e-01, 1.1203e-01, 8.7580e-02, 2.0457e-01,\n",
       "           4.7226e-01],\n",
       "          [1.4740e-02, 7.9021e-02, 7.7443e-02, 1.3873e-01, 4.1758e-01,\n",
       "           2.7249e-01],\n",
       "          [1.7570e-01, 9.5293e-02, 1.9486e-01, 2.1017e-01, 2.1670e-01,\n",
       "           1.0726e-01]],\n",
       "\n",
       "         [[1.9721e-01, 1.5455e-01, 3.7732e-01, 1.5035e-01, 7.9847e-02,\n",
       "           4.0727e-02],\n",
       "          [2.6146e-01, 4.5280e-01, 3.2251e-02, 7.7065e-02, 3.6873e-02,\n",
       "           1.3954e-01],\n",
       "          [1.4733e-01, 6.0495e-02, 6.7604e-01, 1.5308e-02, 5.1605e-02,\n",
       "           4.9221e-02],\n",
       "          [1.2352e-01, 2.6449e-01, 3.6534e-02, 4.0405e-01, 6.0213e-02,\n",
       "           1.1120e-01],\n",
       "          [6.7495e-01, 3.1180e-02, 5.1693e-02, 1.6015e-02, 4.8352e-02,\n",
       "           1.7781e-01],\n",
       "          [6.1921e-01, 6.9083e-02, 1.1434e-01, 6.6089e-02, 8.1903e-02,\n",
       "           4.9373e-02]],\n",
       "\n",
       "         [[8.7141e-01, 4.3443e-02, 1.1356e-02, 2.2363e-02, 2.3800e-02,\n",
       "           2.7629e-02],\n",
       "          [4.0763e-04, 3.2645e-03, 9.1138e-01, 6.7298e-02, 5.5327e-03,\n",
       "           1.2115e-02],\n",
       "          [1.6978e-02, 3.5028e-02, 3.1877e-02, 6.6572e-01, 1.7131e-01,\n",
       "           7.9092e-02],\n",
       "          [4.9629e-03, 1.2038e-02, 1.0575e-01, 1.9481e-02, 6.2832e-01,\n",
       "           2.2945e-01],\n",
       "          [5.9652e-03, 3.1163e-03, 1.3317e-02, 1.3879e-02, 3.5000e-02,\n",
       "           9.2872e-01],\n",
       "          [2.3733e-01, 3.1249e-02, 2.6527e-02, 5.8119e-02, 2.7381e-01,\n",
       "           3.7297e-01]],\n",
       "\n",
       "         [[9.2758e-01, 1.6756e-02, 1.6385e-03, 1.1039e-02, 5.0737e-07,\n",
       "           4.2984e-02],\n",
       "          [3.8969e-01, 6.5654e-02, 7.0777e-02, 9.0647e-02, 6.3850e-02,\n",
       "           3.1938e-01],\n",
       "          [8.2445e-02, 3.9589e-01, 6.5502e-02, 3.0120e-01, 7.8076e-02,\n",
       "           7.6888e-02],\n",
       "          [3.7077e-01, 7.2197e-02, 2.1274e-01, 1.6766e-02, 2.1154e-01,\n",
       "           1.1598e-01],\n",
       "          [5.2456e-01, 5.0592e-02, 7.7887e-02, 7.9281e-02, 2.5426e-03,\n",
       "           2.6514e-01],\n",
       "          [6.3199e-01, 1.1537e-01, 1.8764e-02, 6.0376e-02, 1.6791e-03,\n",
       "           1.7182e-01]]]], grad_fn=<SoftmaxBackward0>), tensor([[[[3.6517e-01, 2.1159e-02, 2.8048e-02, 7.7780e-03, 4.5657e-01,\n",
       "           1.2128e-01],\n",
       "          [2.6693e-01, 2.3409e-02, 1.6005e-01, 3.9634e-01, 2.4163e-02,\n",
       "           1.2910e-01],\n",
       "          [2.3723e-01, 2.1461e-01, 4.5373e-02, 2.3969e-01, 1.7034e-01,\n",
       "           9.2746e-02],\n",
       "          [4.2649e-01, 2.1441e-01, 4.8143e-02, 2.0150e-02, 1.4767e-01,\n",
       "           1.4313e-01],\n",
       "          [6.7773e-01, 1.7362e-02, 3.7830e-02, 1.2170e-02, 1.7984e-01,\n",
       "           7.5075e-02],\n",
       "          [6.8074e-01, 7.9593e-03, 2.2118e-02, 1.2289e-02, 1.7097e-01,\n",
       "           1.0593e-01]],\n",
       "\n",
       "         [[5.6298e-01, 1.0516e-01, 5.6641e-02, 6.0656e-02, 9.2866e-02,\n",
       "           1.2170e-01],\n",
       "          [3.9680e-02, 3.4489e-03, 9.2439e-01, 3.8115e-03, 1.1114e-02,\n",
       "           1.7561e-02],\n",
       "          [2.5059e-02, 2.2742e-03, 1.0737e-02, 9.2358e-01, 2.8012e-02,\n",
       "           1.0334e-02],\n",
       "          [1.6003e-01, 1.9595e-02, 2.2295e-02, 7.9955e-03, 7.1820e-01,\n",
       "           7.1880e-02],\n",
       "          [5.1001e-01, 9.1703e-04, 1.4357e-03, 5.1995e-04, 5.0543e-02,\n",
       "           4.3658e-01],\n",
       "          [9.1731e-01, 3.1045e-03, 1.4653e-03, 1.6977e-03, 5.9231e-03,\n",
       "           7.0497e-02]],\n",
       "\n",
       "         [[8.9582e-01, 1.0535e-02, 1.3066e-02, 6.5757e-03, 3.7956e-02,\n",
       "           3.6046e-02],\n",
       "          [7.9756e-01, 1.2360e-02, 3.3496e-03, 4.6984e-02, 1.9328e-02,\n",
       "           1.2042e-01],\n",
       "          [6.8729e-01, 2.1440e-02, 3.4944e-03, 1.0650e-01, 8.5972e-03,\n",
       "           1.7268e-01],\n",
       "          [8.4930e-01, 8.6523e-03, 6.7651e-04, 1.4356e-02, 1.9330e-02,\n",
       "           1.0769e-01],\n",
       "          [5.3300e-01, 7.6358e-02, 1.2992e-02, 1.1341e-01, 1.8236e-02,\n",
       "           2.4600e-01],\n",
       "          [8.9179e-01, 1.8431e-02, 5.4320e-03, 1.0673e-02, 1.2401e-02,\n",
       "           6.1272e-02]],\n",
       "\n",
       "         [[7.5726e-01, 1.0889e-02, 1.1141e-03, 9.7070e-03, 1.5518e-01,\n",
       "           6.5851e-02],\n",
       "          [5.2378e-01, 8.0602e-03, 4.3542e-02, 7.1635e-03, 1.3254e-01,\n",
       "           2.8491e-01],\n",
       "          [2.1587e-01, 8.0130e-02, 1.9576e-01, 3.0011e-02, 1.2827e-01,\n",
       "           3.4995e-01],\n",
       "          [4.3064e-01, 2.1068e-02, 5.3362e-02, 4.6394e-03, 1.0806e-01,\n",
       "           3.8223e-01],\n",
       "          [7.9486e-01, 9.7433e-03, 4.4130e-03, 7.2861e-03, 7.6068e-02,\n",
       "           1.0763e-01],\n",
       "          [7.3757e-01, 1.5460e-02, 3.0994e-03, 1.2434e-02, 1.6190e-01,\n",
       "           6.9536e-02]],\n",
       "\n",
       "         [[7.4020e-01, 2.9231e-02, 2.9027e-02, 2.4171e-02, 8.2257e-02,\n",
       "           9.5111e-02],\n",
       "          [9.9024e-01, 2.8889e-03, 1.5948e-03, 3.6672e-03, 7.2957e-04,\n",
       "           8.7897e-04],\n",
       "          [5.8715e-02, 8.6954e-01, 5.6048e-02, 2.5642e-03, 8.2383e-03,\n",
       "           4.8967e-03],\n",
       "          [2.9518e-02, 9.9678e-03, 9.4568e-01, 2.5532e-03, 6.0498e-03,\n",
       "           6.2301e-03],\n",
       "          [3.2729e-01, 3.2600e-03, 1.1463e-01, 4.0251e-01, 1.3206e-01,\n",
       "           2.0247e-02],\n",
       "          [9.0483e-01, 1.1422e-03, 1.9053e-03, 2.5136e-03, 5.8280e-02,\n",
       "           3.1327e-02]],\n",
       "\n",
       "         [[8.3424e-01, 9.0963e-03, 5.4798e-03, 1.4776e-02, 4.4631e-02,\n",
       "           9.1781e-02],\n",
       "          [3.6840e-01, 3.1184e-03, 1.1275e-02, 1.9665e-02, 1.7586e-01,\n",
       "           4.2168e-01],\n",
       "          [3.9193e-01, 2.0523e-02, 1.6831e-02, 4.4859e-02, 1.2966e-01,\n",
       "           3.9619e-01],\n",
       "          [5.3013e-01, 1.3907e-02, 1.3934e-02, 1.0662e-02, 1.5953e-01,\n",
       "           2.7183e-01],\n",
       "          [5.2746e-01, 4.3156e-02, 4.9409e-02, 1.1905e-01, 5.5848e-02,\n",
       "           2.0507e-01],\n",
       "          [8.4911e-01, 5.8560e-03, 5.2438e-03, 1.9151e-02, 3.6211e-02,\n",
       "           8.4430e-02]],\n",
       "\n",
       "         [[9.8964e-01, 1.9427e-04, 5.6495e-04, 3.7095e-04, 5.1652e-03,\n",
       "           4.0640e-03],\n",
       "          [9.8832e-01, 9.3657e-04, 6.3312e-04, 1.4765e-03, 6.5166e-03,\n",
       "           2.1216e-03],\n",
       "          [8.9721e-01, 3.1492e-03, 1.3964e-03, 2.1215e-03, 4.2020e-02,\n",
       "           5.4107e-02],\n",
       "          [9.4597e-01, 6.3969e-04, 5.5942e-04, 8.7324e-04, 9.7657e-03,\n",
       "           4.2189e-02],\n",
       "          [9.4969e-01, 2.2129e-03, 5.5742e-03, 1.9119e-03, 5.7191e-03,\n",
       "           3.4890e-02],\n",
       "          [9.8094e-01, 4.6605e-05, 1.5769e-03, 1.5618e-03, 9.3295e-03,\n",
       "           6.5467e-03]],\n",
       "\n",
       "         [[8.7932e-01, 4.4483e-03, 6.1412e-03, 6.9632e-03, 5.2519e-02,\n",
       "           5.0604e-02],\n",
       "          [6.9881e-01, 9.7852e-03, 1.0335e-02, 1.8252e-02, 1.7355e-01,\n",
       "           8.9272e-02],\n",
       "          [5.3859e-01, 4.3085e-02, 2.4348e-02, 6.9876e-02, 2.0724e-01,\n",
       "           1.1687e-01],\n",
       "          [6.8700e-01, 1.1145e-02, 6.6813e-03, 8.3919e-03, 1.8379e-01,\n",
       "           1.0299e-01],\n",
       "          [5.6702e-01, 1.7244e-02, 1.7527e-02, 2.3043e-02, 2.5862e-01,\n",
       "           1.1655e-01],\n",
       "          [8.0000e-01, 6.2546e-03, 1.0777e-02, 1.0084e-02, 1.0112e-01,\n",
       "           7.1773e-02]],\n",
       "\n",
       "         [[5.2638e-01, 4.5030e-02, 3.0304e-02, 5.2872e-02, 1.1086e-01,\n",
       "           2.3455e-01],\n",
       "          [4.4927e-01, 2.1680e-02, 3.9531e-02, 1.7683e-01, 5.0765e-02,\n",
       "           2.6193e-01],\n",
       "          [6.5585e-01, 1.1585e-02, 1.4624e-02, 2.1996e-02, 9.6865e-02,\n",
       "           1.9908e-01],\n",
       "          [6.6504e-01, 2.8831e-02, 2.1700e-02, 3.6176e-02, 4.5052e-02,\n",
       "           2.0321e-01],\n",
       "          [2.7539e-01, 6.4574e-02, 1.3485e-01, 1.1105e-01, 1.5629e-01,\n",
       "           2.5784e-01],\n",
       "          [4.2456e-01, 6.0608e-02, 1.1364e-01, 9.3391e-02, 1.4045e-01,\n",
       "           1.6736e-01]],\n",
       "\n",
       "         [[3.4585e-01, 4.0356e-02, 6.5535e-02, 3.5538e-02, 2.1779e-01,\n",
       "           2.9493e-01],\n",
       "          [6.0936e-01, 7.1826e-03, 3.0080e-03, 1.0194e-02, 6.3800e-02,\n",
       "           3.0646e-01],\n",
       "          [5.1826e-01, 7.5987e-03, 7.2870e-04, 1.4650e-03, 9.0930e-02,\n",
       "           3.8102e-01],\n",
       "          [5.6194e-01, 1.0236e-02, 4.4613e-03, 1.4798e-03, 6.2704e-02,\n",
       "           3.5918e-01],\n",
       "          [5.4512e-01, 1.1681e-02, 3.4946e-02, 9.2338e-03, 8.9788e-02,\n",
       "           3.0923e-01],\n",
       "          [2.8131e-01, 4.3280e-02, 7.7485e-02, 3.8052e-02, 1.6136e-01,\n",
       "           3.9851e-01]],\n",
       "\n",
       "         [[6.9178e-01, 3.0685e-02, 2.7581e-02, 2.5169e-02, 9.2846e-02,\n",
       "           1.3194e-01],\n",
       "          [7.6204e-01, 1.3913e-02, 1.9884e-02, 5.5935e-02, 6.4407e-02,\n",
       "           8.3826e-02],\n",
       "          [5.2437e-01, 1.0573e-01, 4.3974e-02, 1.0980e-01, 1.0718e-01,\n",
       "           1.0895e-01],\n",
       "          [2.0784e-01, 4.3060e-01, 4.7610e-02, 3.4348e-02, 1.2235e-01,\n",
       "           1.5726e-01],\n",
       "          [4.3729e-01, 1.3174e-01, 9.4320e-02, 9.1964e-02, 1.0623e-01,\n",
       "           1.3845e-01],\n",
       "          [9.4045e-01, 4.7867e-03, 4.9378e-03, 8.0020e-03, 1.5768e-02,\n",
       "           2.6053e-02]],\n",
       "\n",
       "         [[4.7348e-01, 4.3373e-02, 2.2890e-02, 2.5924e-02, 6.5375e-02,\n",
       "           3.6896e-01],\n",
       "          [2.8857e-01, 1.0232e-01, 4.3397e-03, 2.9399e-02, 1.2796e-01,\n",
       "           4.4740e-01],\n",
       "          [3.2175e-01, 1.6702e-02, 3.9067e-01, 2.6304e-03, 4.1611e-02,\n",
       "           2.2663e-01],\n",
       "          [2.2287e-01, 1.6354e-02, 3.2350e-03, 3.8341e-01, 5.9329e-02,\n",
       "           3.1480e-01],\n",
       "          [4.5861e-01, 1.1862e-01, 3.4755e-02, 4.1744e-02, 4.4840e-02,\n",
       "           3.0144e-01],\n",
       "          [5.7994e-01, 8.4206e-02, 5.7012e-02, 3.1211e-02, 7.1800e-02,\n",
       "           1.7584e-01]]]], grad_fn=<SoftmaxBackward0>), tensor([[[[9.7138e-01, 7.6838e-04, 6.7584e-04, 7.2874e-04, 6.2890e-03,\n",
       "           2.0161e-02],\n",
       "          [8.6547e-07, 2.1273e-05, 9.9998e-01, 6.9873e-08, 2.4945e-08,\n",
       "           1.6722e-07],\n",
       "          [3.7651e-05, 1.0013e-05, 8.6050e-05, 9.9965e-01, 2.1656e-04,\n",
       "           2.0798e-06],\n",
       "          [1.6658e-05, 1.0386e-06, 7.5409e-07, 6.1377e-07, 9.9998e-01,\n",
       "           3.0730e-06],\n",
       "          [6.5387e-03, 2.2900e-04, 4.2483e-04, 2.0445e-05, 1.0500e-02,\n",
       "           9.8229e-01],\n",
       "          [9.9014e-01, 6.7523e-05, 1.7711e-04, 6.9849e-05, 3.0572e-03,\n",
       "           6.4878e-03]],\n",
       "\n",
       "         [[7.3236e-01, 6.4429e-03, 1.8411e-02, 1.5024e-02, 5.5737e-02,\n",
       "           1.7203e-01],\n",
       "          [3.9784e-01, 1.2627e-02, 5.0088e-01, 6.9944e-03, 3.3690e-02,\n",
       "           4.7968e-02],\n",
       "          [3.7311e-01, 3.7739e-01, 8.2792e-03, 5.2671e-02, 8.5349e-02,\n",
       "           1.0320e-01],\n",
       "          [1.1845e-01, 4.8341e-03, 7.7881e-01, 2.4673e-03, 2.9684e-02,\n",
       "           6.5759e-02],\n",
       "          [6.7481e-01, 1.7400e-02, 1.2614e-01, 9.2922e-03, 7.1774e-02,\n",
       "           1.0058e-01],\n",
       "          [8.2902e-01, 2.7763e-03, 1.3566e-02, 7.9805e-03, 4.1416e-02,\n",
       "           1.0524e-01]],\n",
       "\n",
       "         [[7.9249e-01, 7.4170e-03, 7.5180e-03, 1.1622e-02, 7.1928e-02,\n",
       "           1.0902e-01],\n",
       "          [6.8218e-01, 2.9193e-02, 1.7479e-02, 1.5581e-01, 4.7948e-02,\n",
       "           6.7385e-02],\n",
       "          [7.9715e-01, 3.2777e-03, 8.8349e-03, 7.0809e-03, 1.0010e-01,\n",
       "           8.3558e-02],\n",
       "          [2.9579e-01, 4.9176e-02, 4.9326e-02, 8.8526e-02, 2.0171e-01,\n",
       "           3.1547e-01],\n",
       "          [7.5933e-01, 1.6812e-02, 9.3984e-03, 1.6146e-02, 7.7451e-02,\n",
       "           1.2086e-01],\n",
       "          [6.0174e-01, 2.3126e-02, 2.7757e-02, 3.5429e-02, 1.2100e-01,\n",
       "           1.9095e-01]],\n",
       "\n",
       "         [[6.6186e-01, 2.6485e-02, 3.2305e-02, 2.1973e-02, 9.9709e-02,\n",
       "           1.5767e-01],\n",
       "          [2.6594e-01, 9.1217e-03, 1.3168e-02, 4.7009e-02, 2.0044e-01,\n",
       "           4.6432e-01],\n",
       "          [6.8622e-01, 2.4470e-03, 7.6188e-04, 2.0903e-03, 1.4638e-01,\n",
       "           1.6210e-01],\n",
       "          [4.6294e-01, 2.2980e-02, 2.7018e-03, 2.6223e-03, 1.4001e-01,\n",
       "           3.6875e-01],\n",
       "          [3.9744e-01, 3.6991e-02, 7.0521e-02, 5.2459e-02, 1.2342e-01,\n",
       "           3.1917e-01],\n",
       "          [7.2959e-01, 1.4307e-02, 9.5574e-03, 1.3963e-02, 7.0447e-02,\n",
       "           1.6214e-01]],\n",
       "\n",
       "         [[7.0669e-01, 1.4384e-02, 1.1894e-02, 1.2335e-02, 7.7545e-02,\n",
       "           1.7715e-01],\n",
       "          [3.9393e-01, 5.5828e-02, 4.8373e-02, 1.2812e-01, 8.7172e-02,\n",
       "           2.8658e-01],\n",
       "          [6.5209e-01, 5.8328e-02, 6.7831e-02, 2.8490e-02, 1.3958e-01,\n",
       "           5.3682e-02],\n",
       "          [3.2169e-01, 5.0798e-01, 3.8601e-02, 3.8881e-02, 7.3456e-02,\n",
       "           1.9396e-02],\n",
       "          [3.5154e-01, 4.0045e-02, 3.2727e-02, 2.5976e-02, 4.7825e-01,\n",
       "           7.1463e-02],\n",
       "          [4.9738e-01, 9.8981e-03, 1.0365e-02, 2.4190e-02, 4.7348e-02,\n",
       "           4.1082e-01]],\n",
       "\n",
       "         [[7.4492e-01, 1.4200e-02, 1.4902e-02, 1.6834e-02, 1.4263e-01,\n",
       "           6.6518e-02],\n",
       "          [2.4568e-01, 3.0882e-01, 4.3312e-02, 4.9794e-02, 2.5776e-01,\n",
       "           9.4636e-02],\n",
       "          [4.2872e-01, 4.5506e-02, 1.9333e-02, 1.4280e-02, 2.3783e-01,\n",
       "           2.5433e-01],\n",
       "          [2.3869e-01, 3.2061e-02, 2.8083e-02, 3.3916e-02, 5.1460e-01,\n",
       "           1.5266e-01],\n",
       "          [3.7860e-01, 6.7862e-02, 6.5698e-02, 4.1377e-02, 2.7455e-01,\n",
       "           1.7192e-01],\n",
       "          [6.4717e-01, 3.2172e-02, 6.5000e-02, 3.8463e-02, 1.5153e-01,\n",
       "           6.5661e-02]],\n",
       "\n",
       "         [[2.0690e-01, 9.9628e-02, 6.5381e-02, 7.0955e-02, 2.8489e-01,\n",
       "           2.7225e-01],\n",
       "          [9.8926e-02, 5.6688e-01, 8.3686e-03, 1.0399e-01, 6.6020e-02,\n",
       "           1.5582e-01],\n",
       "          [3.0988e-02, 2.8274e-03, 8.4053e-01, 8.2941e-03, 1.5519e-02,\n",
       "           1.0184e-01],\n",
       "          [4.1589e-02, 7.4362e-02, 7.8477e-03, 7.9970e-01, 1.9792e-02,\n",
       "           5.6708e-02],\n",
       "          [1.4184e-01, 3.1543e-02, 8.0569e-03, 1.0028e-02, 4.6749e-01,\n",
       "           3.4104e-01],\n",
       "          [2.4861e-01, 6.6138e-02, 1.2260e-01, 7.4885e-02, 2.4852e-01,\n",
       "           2.3924e-01]],\n",
       "\n",
       "         [[8.5045e-01, 9.2691e-03, 1.4017e-02, 5.8285e-03, 3.7659e-02,\n",
       "           8.2773e-02],\n",
       "          [3.3073e-01, 9.4051e-02, 1.0156e-01, 2.0978e-01, 9.3872e-02,\n",
       "           1.7000e-01],\n",
       "          [5.6997e-01, 9.0042e-03, 1.2439e-02, 1.9178e-02, 7.6001e-02,\n",
       "           3.1340e-01],\n",
       "          [3.8667e-01, 6.1860e-02, 2.8258e-02, 2.9985e-03, 8.7169e-02,\n",
       "           4.3304e-01],\n",
       "          [6.4567e-01, 5.4470e-02, 3.2611e-02, 1.7884e-02, 1.4285e-01,\n",
       "           1.0652e-01],\n",
       "          [9.2985e-01, 2.0448e-03, 6.3249e-03, 2.4936e-03, 7.3993e-03,\n",
       "           5.1889e-02]],\n",
       "\n",
       "         [[8.1574e-01, 6.7246e-03, 1.3593e-02, 1.3982e-02, 5.6777e-02,\n",
       "           9.3185e-02],\n",
       "          [1.8512e-01, 1.5602e-01, 1.1553e-01, 3.4727e-02, 3.8575e-01,\n",
       "           1.2285e-01],\n",
       "          [5.9748e-01, 1.4694e-02, 6.9773e-03, 2.4004e-02, 7.9994e-02,\n",
       "           2.7685e-01],\n",
       "          [4.5125e-01, 1.1585e-02, 4.8716e-02, 1.7261e-01, 1.5482e-01,\n",
       "           1.6102e-01],\n",
       "          [1.9671e-01, 1.1369e-01, 1.4458e-01, 3.4537e-02, 3.5780e-01,\n",
       "           1.5269e-01],\n",
       "          [7.6535e-01, 8.0021e-03, 5.9847e-03, 9.0074e-03, 2.1809e-02,\n",
       "           1.8985e-01]],\n",
       "\n",
       "         [[6.8289e-01, 1.0585e-02, 5.1468e-03, 6.5469e-03, 6.8394e-02,\n",
       "           2.2644e-01],\n",
       "          [6.2393e-07, 5.2036e-05, 9.9995e-01, 1.8991e-07, 7.0379e-08,\n",
       "           2.1161e-07],\n",
       "          [2.6859e-05, 1.4018e-05, 5.8770e-05, 9.9980e-01, 9.7010e-05,\n",
       "           6.7092e-06],\n",
       "          [7.4148e-05, 8.6029e-07, 5.4278e-07, 7.5223e-07, 9.9992e-01,\n",
       "           6.8969e-06],\n",
       "          [2.0005e-03, 3.3705e-04, 1.0019e-04, 7.5688e-06, 4.4827e-03,\n",
       "           9.9307e-01],\n",
       "          [9.9078e-01, 1.0183e-05, 9.0070e-05, 5.6436e-05, 6.3813e-03,\n",
       "           2.6824e-03]],\n",
       "\n",
       "         [[6.6331e-01, 2.4176e-02, 2.6222e-02, 3.4293e-02, 6.2039e-02,\n",
       "           1.8996e-01],\n",
       "          [6.5145e-01, 3.3496e-02, 4.1409e-02, 4.3246e-02, 1.2760e-01,\n",
       "           1.0279e-01],\n",
       "          [8.0067e-01, 1.4761e-02, 1.0861e-01, 1.3489e-02, 4.1462e-02,\n",
       "           2.1009e-02],\n",
       "          [7.6292e-01, 2.1997e-02, 7.4438e-02, 5.1747e-02, 6.9190e-02,\n",
       "           1.9710e-02],\n",
       "          [7.6342e-01, 3.5676e-02, 4.2165e-02, 5.6695e-02, 3.1913e-02,\n",
       "           7.0133e-02],\n",
       "          [8.3608e-01, 6.8130e-03, 9.9602e-03, 7.4430e-03, 4.5629e-02,\n",
       "           9.4079e-02]],\n",
       "\n",
       "         [[9.5578e-01, 1.7562e-03, 2.2729e-03, 5.2676e-03, 1.2059e-02,\n",
       "           2.2866e-02],\n",
       "          [2.0705e-01, 1.1310e-02, 9.0845e-02, 4.1022e-01, 2.1427e-01,\n",
       "           6.6301e-02],\n",
       "          [3.4507e-01, 9.7679e-02, 7.5946e-02, 1.7830e-01, 1.8842e-01,\n",
       "           1.1459e-01],\n",
       "          [5.9571e-01, 6.5329e-02, 9.8773e-02, 1.5320e-02, 1.1701e-01,\n",
       "           1.0786e-01],\n",
       "          [8.3699e-01, 9.2866e-03, 1.1544e-02, 1.7142e-02, 3.7064e-02,\n",
       "           8.7976e-02],\n",
       "          [9.8790e-01, 4.0880e-04, 6.3967e-04, 1.9920e-03, 4.0174e-03,\n",
       "           5.0372e-03]]]], grad_fn=<SoftmaxBackward0>), tensor([[[[2.6508e-01, 7.1902e-04, 1.0609e-03, 1.4603e-03, 1.7294e-02,\n",
       "           7.1439e-01],\n",
       "          [1.8747e-01, 1.1714e-01, 1.6679e-04, 1.7151e-02, 7.7473e-03,\n",
       "           6.7033e-01],\n",
       "          [3.8574e-01, 4.9517e-05, 4.8142e-02, 4.3048e-05, 2.4578e-03,\n",
       "           5.6357e-01],\n",
       "          [2.6881e-01, 2.3020e-03, 3.2795e-05, 1.6444e-01, 2.7710e-02,\n",
       "           5.3671e-01],\n",
       "          [2.9800e-01, 2.4088e-04, 1.5906e-05, 4.4645e-04, 8.7825e-02,\n",
       "           6.1347e-01],\n",
       "          [2.0872e-01, 2.6716e-03, 1.2771e-02, 2.3833e-03, 1.8703e-02,\n",
       "           7.5475e-01]],\n",
       "\n",
       "         [[4.5342e-01, 4.2065e-03, 4.9561e-03, 3.7656e-03, 4.4518e-02,\n",
       "           4.8913e-01],\n",
       "          [1.8675e-01, 4.3143e-02, 3.2184e-01, 4.6706e-02, 9.3395e-02,\n",
       "           3.0817e-01],\n",
       "          [4.8568e-01, 6.9614e-02, 1.0977e-01, 1.0906e-01, 3.3892e-02,\n",
       "           1.9198e-01],\n",
       "          [1.8622e-01, 5.9060e-02, 6.8616e-02, 1.4644e-01, 1.0566e-01,\n",
       "           4.3400e-01],\n",
       "          [7.2659e-02, 1.7364e-02, 9.6926e-03, 1.2294e-02, 2.6799e-02,\n",
       "           8.6119e-01],\n",
       "          [4.1996e-01, 2.9137e-03, 1.7511e-03, 1.6961e-03, 3.1418e-02,\n",
       "           5.4227e-01]],\n",
       "\n",
       "         [[1.8758e-01, 8.2179e-02, 1.0177e-01, 5.9049e-02, 1.9051e-01,\n",
       "           3.7891e-01],\n",
